3335 3336 3337 3338 3339 3799 3800
4476 13853 26795 27406 30071 36101 36102
6553 11295 14267 20356 23484 30956
745 1968 2730 2880 4482 6919 7568 9260 9389 13254 16646 19598 21089 22161 36179 36180
8381 18894 34254 34255 35313 35314
2446 8752 9344 10004 10344 10345 11600 11710 11902
6591 8237 10822 15389 18136 22195 26201
6209 6947 6949 6955 9552 10324 10673 10686 10847
1574 3869 5329 12970 13210 15656 15657 16679
21160 21161 21269 21270 21271 21272 22367 22368 22775
2878 3058 6870 8002 10164 10929 18258 22979 24734 26077 26730 27241 27242 27243
1309 4654 19651 30281 31965 31966
9405 25004 30405 30406 30407 31291 31724 36354
6556 13212 23945 24505 24854 24855 26155
11265 34401 35112 35113 35114 35419
8135 8322 8323 8324 8325 8326 8660 8661
9609 30924 30925 31824 32679 32680 32681 33750 33751
493 4486 21281 21313 22924 23422 31657 35131
5230 8314 21745 21746 21747 23132 27052 27053
7389 28170 28268 28269 28270 28271
1487 4877 8605 12849 18598 23241 25871 30431
5901 6401 6438 6439 8456 8542
17209 17210 17211 17212 17296 19275 19326 19327 19328
11433 14329 16406 31852 32693 32694 32695 32696 32778 32779 33883 34822 35161
1098 4236 6231 14071 14792 15139 19852 22391 23257 25766 27323 30519 34533 34534 35382 35457
5152 5154 5155 7921 9536 12066 15754 16795 20006 20007 22952 24993 24994 26069
17366 17367 18059 21809 24305 24956 29369
11031 11032 11033 11034 11124 11742 11743 24166 24167 24168
2062 3305 6813 8675 9659 9927 14341 14361 14362 16134 18226 19105 32399 34384
12792 13068 15135 15136 15518 19443 20083 22091 22477 23517 25098 26684 27097 27404 32638 34844
5372 6793 10949 11974 12251 12252 12253 17008 17009
7253 14212 15780 22479 25101 28700 30926 30927 31649
4478 19305 20395 24588 32607 32608 32609 32613 32614 32615
8908 12044 17486 18027 18028 18719
1276 10317 10318 10319 10745 10746 10747 10748 13065 13158 13379 13489
8342 29412 29413 29414 29415 29416 29417 30479 30480 30481
19608 19867 20954 24389 24390 27401 28407 28559
2609 11255 16657 22677 26488 26489 26490 26491 28108 28473
1008 2041 2042 2239 2240 2242
506 1218 9698 12848 20655 25047 29318 30869
7503 15739 17334 17379 22482 24196 24805
4993 5628 18302 18370 18420 19897 21352 22895 22896 23031 23032 23033 34776 34840
7036 21822 24514 27176 27177 27333
19762 19828 20921 21380 21381 23286
9498 13387 13805 19975 19976 20023 20024
10280 16499 19432 19433 21674 23523
18996 30761 30762 30763 31086 34311
9075 9077 9341 11999 12144 12145 12922 14963 21174 21329
4648 4989 5167 5168 6943 7107
25606 25607 25619 26643 29358 29359 31483
22459 35908 35909 35910 35911 36708
23288 24318 24319 24320 24321 25910
5924 16802 19796 23022 23573 26149 26246 28186
2552 16010 16412 16786 16787 16788
15203 23801 29766 34106 34107 34108 34176 34177 34971 35412
281 1491 5126 9368 12825 24656
7612 7633 7634 7635 7636 7637
6190 16935 22172 26062 31062 34654 35269
6440 16955 18682 18865 18987 23926
4670 11624 18833 19913 20180 23810 25614 27389 27390 28525 30673 32470 32612 34768 35060
6502 21206 21207 26372 26387 27054 28243
13862 16552 22879 23283 30113 30114 30115 31535
420 5510 13211 13764 13765 13766 13767 16279 16280 16299 16300 18738 22776
11213 11809 20384 20385 22585 22586
2701 18249 30436 31177 31604 31634 31635 31636
4360 14403 16064 16207 21669 25962 32948
255 7194 15861 16315 24264 25144 25145 25146 26198
8530 16402 18971 21012 23508 30430
8364 8660 19567 29927 29928 29929 31870 32150 34194
7460 7550 11058 11059 18458 18945 21331 25776 26942 33853 33854
10351 11335 20106 32223 32247 32248 34093
19221 22743 23892 23893 28814 28911
1144 1205 1555 2809 4578 7881 10479 10480 10481 10482
21974 28732 33392 33393 33394 33989 33990
13066 23642 25175 25176 25193 25194
2585 5093 5094 5095 5096 5097 5098
21115 23329 27702 28160 33800 33801 33802 35453
436 1166 5564 6030 6031 6091 6147 6298 10706 10707 34956
2308 7130 12197 18685 22528 25164 25569 25961 26247
6648 13059 13060 13061 13062 13163 13164 13165 13302 15278 15279
943 944 5039 7759 8647 8823 16608 36819
29228 29229 29230 29231 31465 31466 31794 31850
8128 9078 19339 20145 20787 24040 30382 35746 35747
1941 28612 34242 34243 34244 34245 34246 34247 35316
531 10278 12587 18236 18970 32385
3310 12774 13323 26863 26864 26865
1539 17849 35572 35639 35640 35641 35642
829 12414 17228 18841 20253 31111
5116 13141 15762 18897 24261 28343 36035 36036 36478
7104 22909 28399 29619 29620 29621 29622
17138 25919 25981 26174 29571 35651
24881 30450 30451 31264 31265 35147
6391 8733 11407 15265 17511 21444 21445 21769 23770 24130 24224 24225
1428 3380 3381 3382 3383 3384
22496 24124 31764 31765 31994 33884
2638 4245 4618 16752 30108 30109 31995
8203 9146 11614 21785 32921 33269 33270 34484 36781
22463 31494 34146 34147 35435 35436
637 18054 19511 25726 29501 29502 29503 31378
12670 16968 22420 22421 22422 23667 25062 25418 25665 25810 26064 26073
9539 9540 22958 30502 30845 30846
8374 8375 8376 8377 8378 13595 14860 14861
27405 29348 29349 29350 29351 29352
2091 7557 15429 15430 16683 16762 16897 18142 21521 21522 21523 21524 22495
28054 28115 28116 33602 34410 34411 35214
2487 4330 8874 27441 27442 27443
15422 21188 28880 33214 33215 35216
8898 9722 19847 27459 28729 30523 33030 33031 33032 33754 34013 34248 34249
8413 17059 17060 17061 17062 20327 24863 24864 30683
5406 6590 10943 14323 14324 14557 14910 15684 18863 20851 24763